5.387077293751597,4.588081670941212,4.330354337500797,3.9818298475293497,4.69005558093287,5.2572658821958,5.425671440650831,3.994747471612826,4.280642962402999,3.7523240133989333,7.2008364638933084,6.036002837843426,3.6866413174073362,3.923146481861755,4.499325959434765,3.2866519328082524,6.489163782749849,2.9359399070823864,4.543598547860956,5.395153421869028,4.920540566788129,3.504187763330313,3.083896755185044,4.041985174123817,5.632811718653168,4.506975870617617,3.1404572100241257,5.1862955865885,3.126389713398862,3.5191968502102267,3.110964089984278,-5.201154589762163,-4.4744125814428095,-3.5208761087811165,-4.119250553444221,-6.353691192311834,-4.176139440870006,-4.257061430235269,-4.200745627441494,-3.0468383538451915,-3.880493957778941,-3.3377133166908615,-5.4244756226061455,-3.54252011242973,-4.089393495634005,-3.238360369455357,-3.436693541771192,-4.047608152616389,-3.1884965294535172,-3.926900051443125,-3.320597442699336,-3.024017969540914,-3.8410142497863204,-5.4410703305918435,-3.909130430768588,-2.9332835014495497,-3.773017097637434,-2.9976059268603716,-3.535063340328172,-3.508222387918827,-3.297989395005467,-4.075906173008561,-5.124214963994526,-3.378265369561634,-3.112330386058073,-3.6569072906842712,-2.950570939113112,-3.059266054347123,-3.3048814842049654,-5.909936147094378,-3.473993952740022,-2.9305543057960497,-3.138762283214583,-2.8878992656135725,-3.0558757212982064,-3.2314646563716285,-2.9604185064752455,-5.513496154024341,-3.2082557095634696,-3.297331401393418,-3.514624068122043,-3.2866477879418703,-4.544373853583591,-4.39486955094645,-3.627441259098936,-7.653938247228494,-3.907660542534429,-3.695433179573347,-3.2186368309883218,-5.402017258188361,-4.770354941927352,-6.334519766849849,-4.268214021152403,4.588081670941212,5.402017258188361,3.880493957778941,5.387077293751597,3.514624068122043,5.4244756226061455,0.0,0.0,0.0,0.0,0.0,0.0
4.588081670941212,10.090484605468706,3.3244716015958815,4.636813394258642,4.212361561443736,6.16043906941968,4.968622758225802,4.869071875158145,9.079728568895689,4.615089443943367,6.815466124420098,6.982775935681624,3.2134819350551354,6.634080413801049,3.7619069353297503,5.392634844220917,7.311653177902493,3.7310157479454915,9.891586039648894,5.738868816697349,6.095358510193305,4.050666074174286,4.529151831765229,4.171232002917957,5.515635202519484,4.07215645135718,3.8312616008701723,4.971717287420511,2.4879984892210403,4.234548834771229,3.851043254320177,-5.208299636118287,-4.332319565492879,-4.225373087601147,-3.609286381232681,-6.905556247665748,-4.205768809058014,-4.499017235436626,-4.820954694808962,-2.823012894615515,-3.921869589719498,-2.9510443493579372,-6.007122876381603,-3.3294061427513872,-8.976310998486685,-2.860870479870807,-3.0637126510739154,-4.419089000282479,-3.0424903765546087,-3.8415049249264985,-3.2063467118080076,-4.456826955767518,-5.129511964007901,-4.46496327997317,-4.95722358987272,-2.8708571023935896,-8.705575500609509,-3.5382535098989445,-4.696408553317208,-4.709719042897723,-3.9053440905872483,-3.6774873946754347,-4.275599527642426,-3.4527587591776423,-3.1813195422675684,-3.982355562544805,-2.9795664226069825,-3.0004323291948007,-3.4660541448064928,-6.33516649022227,-3.439096589269385,-3.98520756214381,-3.7959304564805736,-3.8608087049578614,-4.271051534705952,-6.316238329138314,-2.934770205003529,-5.31740549988242,-3.248755558740905,-3.253246809674985,-3.3996094974530227,-3.886633142237316,-4.209838833890697,-4.372926166415311,-3.2938766206661354,-7.152355976855383,-3.535413889978698,-4.324885876060268,-3.78532073045906,-5.134091410013436,-4.713004162868091,-5.638273492106556,-4.711536410897966,10.090484605468706,5.134091410013436,3.921869589719498,4.588081670941212,3.3996094974530227,6.007122876381603,0.0,0.0,0.0,0.0,0.0,0.0
4.330354337500797,3.3244716015958815,4.406102903743827,3.161724615238672,4.261765977618253,4.131294105512678,4.6192954175242,3.1618077952827184,3.2668477638400257,3.062318408835387,6.65168640515299,4.958925262437683,3.5011065339883944,3.160385167661785,3.7590187639275445,2.713489689912904,5.156777787580447,2.524350977298547,3.516273811794694,4.31698631771041,3.932565169589248,2.8223012162760064,2.72664032611997,3.0865256811481405,4.578909452254068,3.8296207323714855,2.8535825915086925,4.01946001167612,2.9778571150937645,3.2031475419132116,2.490631110248117,-3.704884697891474,-3.248935373112892,-2.752932670887368,-3.207259023107822,-4.976364625997962,-3.347043043945817,-3.1927288071171662,-3.433916296607868,-2.5037839373252058,-3.3473941782445813,-2.8798756560663095,-3.8973916060399905,-2.8061752717498663,-3.6952243351846614,-2.5177227815558267,-2.86705948134436,-3.1703622488498233,-2.649055347555152,-3.387963516881954,-2.7456334943182243,-2.648460506754306,-3.3140431887982764,-5.124219288589134,-2.9269658202923505,-2.4650302196414975,-2.98594916565147,-2.638619011744245,-2.850630765547276,-2.7843882167966436,-2.6850525123354423,-3.212413782569601,-4.3534980034016675,-2.6818068318350914,-2.5240469763150966,-2.983661165068162,-2.4071912754760683,-2.4766759225031807,-2.6258218392871995,-4.283670277522688,-2.8644519728439013,-2.378905948403242,-2.624919186357634,-2.3863972692990787,-2.4474327528901787,-2.579932774576781,-2.393478232105368,-4.133456540797742,-2.6475159562732413,-2.6593141131109754,-2.745139900878058,-2.6155178021993226,-3.555387016197863,-3.6475686111228107,-3.157875590602825,-6.342054515224305,-3.5034053362031194,-2.8889614573019227,-2.559511388457701,-3.952639321060518,-4.0098535764726115,-4.792791787013562,-3.3987394007982155,3.3244716015958815,3.952639321060518,3.3473941782445813,4.330354337500797,2.745139900878058,3.8973916060399905,0.0,0.0,0.0,0.0,0.0,0.0
3.9818298475293497,4.636813394258642,3.161724615238672,3.544271022544536,3.9099485257776485,4.537680339857773,4.592788754276018,3.696884164121431,4.221776060506094,3.3507800678949184,5.088665301684758,4.840888578432826,2.8741768384462705,3.555181153665238,3.62398178772672,3.0505737397582373,4.725919793651233,2.5120994322487595,4.9492953534323485,4.146209157807565,3.9247628696659573,3.1228069109981083,2.5182281987135684,3.0420324734433706,4.427213034412858,3.255872785278237,2.551359560151187,3.805075902246109,2.34353067975589,2.7377646515949263,2.5209708223870786,-3.7859734936940206,-3.2229394256979074,-2.867378943189218,-3.310316877662839,-4.748364056442219,-3.080986782637922,-3.3053235937030156,-3.3316422675289363,-2.3795826793259214,-2.891976090548428,-2.573002405753081,-4.120896083285389,-2.8779827584906377,-3.8889819771398226,-2.601563949266887,-2.838280819458444,-3.4491758344169714,-2.5217633010848965,-2.912264132625631,-2.7563499095654356,-2.5317527981047494,-3.298211116899019,-4.322431382071006,-3.0321770262873216,-2.3432707614802295,-3.6975625984759124,-2.3768785607736165,-2.864853210891437,-2.8300502922181456,-2.6276248261427675,-3.301102191697283,-4.224088632121474,-2.918565644000237,-2.666839214427929,-3.2197855665192794,-2.479933272088761,-2.583464017739016,-2.8660155767827797,-4.5807266947842535,-3.0004267633062742,-2.608368953518966,-2.7411998984227055,-2.5452251439083513,-2.5647879797560806,-3.1934632685560524,-2.511146774979898,-4.012812198608286,-2.6680117678474886,-2.8541819336780914,-2.8681979017648405,-2.709707748605603,-3.4579234755514685,-3.5931589859334405,-2.9178615653568025,-6.2662120439167595,-3.0977612581604785,-3.1654864034314105,-2.6593207407283845,-4.049725584627777,-3.720099387462123,-4.871501921631209,-3.3498282004100832,4.636813394258642,4.049725584627777,2.891976090548428,3.9818298475293497,2.8681979017648405,4.120896083285389,0.0,0.0,0.0,0.0,0.0,0.0
4.69005558093287,4.212361561443736,4.261765977618253,3.9099485257776485,6.363956562929601,5.201107950026982,6.1920727885030145,4.563699174593448,3.5670387749963997,4.8681060275853705,5.736487762995936,5.588997000482247,3.9580824649401882,4.897105096992524,4.51329197194803,4.109154339749897,5.360008654404281,2.7842168440372617,5.202593582712903,4.322091571747145,4.119822601855567,3.332434272983632,3.947894453124661,3.2936641139650655,5.243125422355042,3.7742356270850363,2.9417776883967446,4.018978748003933,2.885914829874665,3.3141981208938796,2.681048190379183,-3.8673379493440634,-3.3481397013723138,-2.9654262079723956,-3.6459228366072503,-5.06088818129185,-3.2871141899894676,-3.3520688542902173,-3.7226138757759353,-2.5300128545591347,-3.731595156106004,-3.100952889322424,-4.05306438865322,-3.4147975963416424,-3.899388494392336,-3.386156071395121,-3.3928856783372345,-4.478033450248436,-2.944139808270438,-3.648821243860696,-3.3345710390975105,-3.021172233313081,-3.8780665991224357,-5.953304473669202,-3.522839726197577,-2.4342722460029265,-3.57421085621182,-2.4919238432685025,-3.2954537099419268,-3.342921469329803,-2.748841749408405,-4.054267002547495,-5.248925886649694,-3.5933386658689255,-3.0837106108380024,-4.003660253153321,-2.7727228329461933,-3.734612851029608,-3.4789019230798597,-4.447548988473365,-3.8249625562125074,-2.8622131802015756,-3.1775076375126674,-3.191222607691577,-2.6720206139923555,-3.859010638088705,-3.1677028142719603,-4.416918756846512,-3.878058575075453,-3.507618888041088,-3.613788726431027,-2.7965415847005515,-3.4410866263513222,-3.7145182559999466,-3.1336326154479814,-6.223231168823552,-3.376499443023491,-3.4826236540885347,-2.71370795653882,-4.012092979756581,-3.872713379569641,-5.326380697496125,-3.4892626017198953,4.212361561443736,4.012092979756581,3.731595156106004,4.69005558093287,3.613788726431027,4.05306438865322,0.0,0.0,0.0,0.0,0.0,0.0
5.2572658821958,6.16043906941968,4.131294105512678,4.537680339857773,5.201107950026982,6.6238802567690644,6.308204866305711,5.018652577277024,5.351373869431033,4.746686883549703,6.171782630809642,6.405184625438936,3.742445549362704,5.677953686275784,4.643300070071621,4.567145502737409,6.028373734960693,2.9026220093929407,6.296047924871697,4.707041512538355,4.736039723869098,3.7986649044700713,4.266994704570371,3.6084673153133267,5.695251433726759,3.9098320616654645,3.1187552988299387,4.419711228191603,2.7475601003914116,3.4896607882027495,2.8000514611141796,-4.153318225353319,-3.5445269710539264,-3.1920916581007686,-4.136188218436979,-5.571950941211049,-3.433111189377775,-3.6893207896864912,-4.355018281590321,-2.978158691817378,-3.8759732630893,-3.3542088795079605,-4.726678263936788,-3.9085809842603467,-5.319502502850308,-3.3253294765078785,-3.5671420007782557,-5.135418849866276,-3.3319217085595483,-3.924209218992768,-3.6120159013357727,-3.444077615304095,-4.282077882812681,-6.095633594973288,-4.030738057392098,-3.062391317408947,-4.620619163160002,-2.8723968660914814,-3.7128618640394233,-3.767615572509082,-2.9288742977947306,-4.260308973938409,-5.730073139530587,-3.9102962587528003,-3.3848698562241664,-4.241621689179453,-3.0888122103534026,-3.2213894258008935,-3.800593812470255,-5.106949321262453,-3.8691186029459392,-3.2302935099598478,-3.3920317875896138,-3.088728320264929,-3.1180552702815922,-4.214113282346075,-3.2404450240873617,-4.827778828388081,-3.4927871234526706,-3.6872531070884675,-3.601314495089652,-3.0114419505725367,-3.805032022164931,-3.953301897049319,-3.2486083378868176,-6.945818186330507,-3.4454222725308807,-3.7492043304675207,-2.938134513598434,-4.291501847108222,-4.130042717823362,-5.8245254351115685,-3.6942835449458715,6.16043906941968,4.291501847108222,3.8759732630893,5.2572658821958,3.601314495089652,4.726678263936788,0.0,0.0,0.0,0.0,0.0,0.0
5.425671440650831,4.968622758225802,4.6192954175242,4.592788754276018,6.1920727885030145,6.308204866305711,7.296043882758234,5.3101525602522575,4.197756224982078,4.985758900284297,6.266404777836135,6.226178191456136,4.21502088158679,5.512219691123569,5.239511823889077,4.273755802805518,5.706273328649997,2.873491632361705,5.890318372628363,4.810771990252854,4.698750277447623,4.201212663430435,4.085671825984181,3.5542802243852707,6.151360976315972,4.170674177544333,3.2573489094451005,4.617888661651846,3.0664499331610906,3.58829358862316,2.5191268562461655,-4.108536412518582,-3.567882057025855,-3.1173471970397872,-4.163986321990481,-5.782447095808648,-3.4607705425503266,-3.6118303968543795,-4.653281472915169,-2.947576053637869,-3.9950274793255742,-3.441127348140131,-4.588064831051632,-3.9627601596523516,-4.385935433079647,-3.4066962891778583,-3.882555016715289,-4.945274857378901,-3.187618811700347,-3.963449879690595,-3.7773615236707623,-3.0525920629060384,-4.1800977751216974,-6.848037896613474,-3.6715430560162394,-3.0189082667006333,-3.3108657437243916,-2.735179406665199,-3.588615405153753,-3.5600175219707504,-2.6727087668578715,-4.663020561691852,-6.712915047019986,-4.204070243093104,-3.584608223002039,-4.612405274011188,-3.258210302895908,-3.5142868928999347,-4.112160073030813,-4.9418911086069,-4.224494238062365,-3.1730775544719574,-3.367758830681432,-2.976027231661494,-2.9358569309039235,-3.7536820276896603,-3.4132623143904537,-4.822777504697263,-3.798182013452745,-3.9870429828292893,-3.762813082002418,-2.902232832487198,-4.325807411010921,-4.581844634648179,-3.3295043297041795,-7.470149247280501,-3.389846198099386,-3.7620819053260455,-2.774481264056883,-4.110294760897515,-4.064233526604438,-6.2692352644507565,-3.6043495112436856,4.968622758225802,4.110294760897515,3.9950274793255742,5.425671440650831,3.762813082002418,4.588064831051632,0.0,0.0,0.0,0.0,0.0,0.0
3.994747471612826,4.869071875158145,3.1618077952827184,3.696884164121431,4.563699174593448,5.018652577277024,5.3101525602522575,4.631103776537207,4.07964499884232,4.391276404079866,4.517153534829286,5.276167702039681,3.2120230145500392,5.241360468316163,3.7872363122449455,4.380333543144783,5.09312691251908,2.590052888742016,5.521927709538902,3.958908609753868,3.802675548727038,3.275104171962563,4.046644748836507,2.9378075207576213,4.538828832023085,2.98579874572176,2.6635373227492583,3.524005360340151,2.3284652476556924,2.9591081022367316,2.5919264114904257,-3.8587762016408056,-3.241921400209659,-3.047406072678877,-3.650100886217138,-4.689241900275773,-2.964065863667189,-3.339387684217611,-3.5565677407550966,-2.3581961537917655,-3.2990738262146193,-2.7850389687708916,-3.993180740438383,-3.264513711184014,-4.416201847037,-2.903438394803988,-3.1431435312989264,-4.464445785261013,-2.878968398870911,-3.288463320878005,-3.240782359654951,-3.104904057546987,-3.5218381109859314,-4.910449870914237,-3.6186855947671175,-2.6327625397745256,-3.674573407357708,-2.2574786271511873,-3.280892279729146,-3.458032661463231,-2.608866952087652,-3.783347358854942,-4.557783980203453,-3.5377134435233644,-3.0832647752327222,-3.810914000959358,-2.7914532188817796,-2.92752647173497,-3.445309888472686,-4.252487355248471,-3.5395977695721066,-2.9313373001131326,-3.138209047623952,-2.8144101248269204,-2.727012174818563,-3.8183979350202026,-2.9873679567736935,-4.054213410164518,-3.183463059497837,-3.377539598599241,-3.026825492266115,-2.6805468839698543,-3.0220449415523625,-3.167927592034954,-2.4897117994748768,-5.909110404264727,-2.798660042212417,-3.437806947290537,-2.6816873185197396,-3.873479487411241,-3.4787760317826733,-4.813115238735288,-3.2753681042784737,4.869071875158145,3.873479487411241,3.2990738262146193,3.994747471612826,3.026825492266115,3.993180740438383,0.0,0.0,0.0,0.0,0.0,0.0
4.280642962402999,9.079728568895689,3.2668477638400257,4.221776060506094,3.5670387749963997,5.351373869431033,4.197756224982078,4.07964499884232,8.935079218820135,3.6401454469813146,7.147291746859212,6.520436596255675,2.7927039182283506,4.56244613359233,3.4622163192527555,4.02171325667402,6.349059315425531,3.439712416357604,9.085022058003597,5.458353204806916,5.61943138363334,3.749646189559395,2.721043191824426,3.7109558157354163,4.984609347426982,3.80773880403191,3.500302518376381,4.614044760837638,2.3824466199605285,3.7410764371483456,3.721985179705423,-5.043667635535735,-4.315776686261487,-4.181957987725388,-3.5811270464347076,-6.485927629271935,-4.2083312782053515,-4.574280437815793,-4.430602181161531,-3.033971786348696,-3.422350296704047,-2.8623903674474063,-5.715021823699641,-3.1968591334192187,-8.454943584780064,-2.897051899643056,-2.7873956842417833,-3.9607461302560036,-2.930365994529181,-3.395056708479445,-2.832949817291365,-3.898419797084511,-5.036015251972685,-4.225592641176985,-4.5319327464032915,-2.6550853566558943,-8.699473123056961,-3.7122547101804217,-4.042752980037393,-4.143029132359069,-3.8600528861525802,-3.210182294316853,-3.928670653559023,-2.8278889676994647,-2.7018652001169015,-3.2815282429569255,-2.563540203957242,-2.5222707712017027,-2.780924343532954,-5.940253914654718,-2.831929087643597,-3.5040079350007804,-3.3184210239074514,-3.4487662317397216,-3.7418649488334004,-5.570854965397845,-2.463899244240044,-4.631054162936113,-2.6512304466086944,-2.723105647856587,-3.206832093130508,-3.7259538818767517,-4.181394693608661,-4.294482894992519,-3.2314508608786294,-6.8548375489725215,-3.4883256454854163,-4.05685353132835,-3.6545260843493246,-4.998947529832907,-4.585714157655988,-5.479243371357319,-4.587514298795373,9.079728568895689,4.998947529832907,3.422350296704047,4.280642962402999,3.206832093130508,5.715021823699641,0.0,0.0,0.0,0.0,0.0,0.0
3.7523240133989333,4.615089443943367,3.062318408835387,3.3507800678949184,4.8681060275853705,4.746686883549703,4.985758900284297,4.391276404079866,3.6401454469813146,7.879785695810381,4.603997913532475,5.345300964703825,3.363927438877036,8.15483860067576,3.589310749369549,4.9165746435942195,5.854792707184198,5.68704421418708,5.960820305483792,3.9594195001526824,3.6177798309222036,2.9297270526971264,5.350202465276332,3.013685922254531,4.3761442656686205,3.0878835980671893,3.3124076018716737,3.5699796363785823,2.359224818943321,3.256104015040555,2.4902964672168233,-3.7710214469361643,-3.0358081202964273,-2.9215653033214752,-3.414756388466981,-4.700749015885487,-2.851535173781559,-3.263341991630513,-3.8633152782439613,-2.3180578939632532,-3.8584644594155577,-2.945292926408762,-3.915589606822898,-6.200586880184849,-7.5205777829412455,-4.861070891548809,-2.9555455171730194,-7.64519994996149,-2.9098397622358987,-3.8195907221680985,-3.2082759256897835,-3.5554614343663777,-6.446457064394579,-4.6792007494964025,-4.080307749305652,-5.359575486983639,-3.9821261436929833,-2.199927674033813,-3.707766246937915,-3.8160739724795842,-2.512376259950474,-3.691730678833116,-4.314282090991188,-6.476781243700277,-3.0577775348705405,-3.82922495623595,-2.8151099066166294,-3.4716513378834444,-6.453684478688745,-4.396876914839792,-3.466639123727329,-2.940545077725742,-6.290242918922083,-4.7469496003884,-5.772294401806158,-7.134515191712285,-3.012242013401558,-4.41246740026904,-3.766105461984468,-3.782752074894314,-3.305588945815206,-2.532730898522674,-2.963293400041854,-3.0906497548562433,-2.535189636709931,-6.203003700922915,-2.8631381644449387,-3.8595303745436604,-2.4854736372294637,-3.8684863340182227,-3.537495418941254,-4.420018444360576,-3.2366449031141795,4.615089443943367,3.8684863340182227,3.8584644594155577,3.7523240133989333,3.305588945815206,3.915589606822898,0.0,0.0,0.0,0.0,0.0,0.0
7.2008364638933084,6.815466124420098,6.65168640515299,5.088665301684758,5.736487762995936,6.171782630809642,6.266404777836135,4.517153534829286,7.147291746859212,4.603997913532475,16.729690550060955,10.69736094854773,5.399899857243418,5.509573157061095,7.759922851831497,4.429890343135322,12.595411652995647,4.721059976698499,6.079029162141404,10.581704174927756,9.720761047046345,5.065132099816178,4.628288077577657,8.652681881867004,10.126912531881217,9.502139940810464,5.335468870530581,10.726074520577205,5.142750159492447,6.02655284321525,6.164156074642814,-9.759504214527396,-8.171678550480848,-7.397799119492836,-6.311935090595153,-13.575840397109147,-8.163378337665614,-9.842669250594735,-7.827886800564948,-4.873009568172297,-7.031190439798592,-5.296879961275613,-11.192387447561398,-5.150588942252381,-7.7642517601636145,-4.993244909684766,-4.7028610595601394,-5.523672250878024,-4.91890332583869,-7.056456448529995,-4.566090714385622,-5.644898043123887,-6.334332237920637,-7.112181242948672,-7.051054599339895,-4.549495583259585,-7.210411870437961,-5.4785005653505605,-6.706007373439238,-6.721722167981082,-6.548758389356413,-5.257875702568889,-6.531069167537421,-4.361633182719521,-4.259444933730073,-4.594627399577897,-4.288993322063662,-4.214954739144889,-4.376788424271821,-11.953561487238868,-4.321227294716809,-4.4702918912724074,-4.370086120639414,-4.4118285387127285,-5.430852204846761,-5.02153406589188,-4.134237349757493,-11.129199138305733,-4.3987058833887716,-4.268441629817545,-5.144432579711864,-6.3199691988209565,-8.201376181997444,-8.320992386549229,-7.911538679393783,-16.39665594386224,-8.759728747014513,-6.398629451435296,-6.403244788939505,-10.104445152825551,-9.004418470917827,-10.332116823250976,-8.471397207207165,6.815466124420098,10.104445152825551,7.031190439798592,7.2008364638933084,5.144432579711864,11.192387447561398,0.0,0.0,0.0,0.0,0.0,0.0
6.036002837843426,6.982775935681624,4.958925262437683,4.840888578432826,5.588997000482247,6.405184625438936,6.226178191456136,5.276167702039681,6.520436596255675,5.345300964703825,10.69736094854773,10.227641448422375,4.597434846969461,6.903635567509235,6.4629855840587656,5.786523445213417,10.454602714944897,3.9505340340437134,6.346701278832404,8.571466158116527,8.27571493426632,4.2028986207727135,5.803203849700946,7.5448048623791175,8.841108141598207,7.5038528399433115,4.234078143831774,8.56295607685175,3.911917193490148,4.889870724730019,5.417548267387993,-7.9078866658498335,-6.201354041130479,-6.240815026461998,-6.021110084028041,-10.205693714782896,-5.982751155306654,-6.677845587596955,-5.929674752468387,-3.9995026690480335,-5.9387951083065555,-4.56521078198498,-9.079461740401472,-5.087942789969129,-6.880816874902507,-4.614685298915978,-4.37377223951601,-6.60690028051005,-4.832035510396593,-5.9933484588540535,-4.537764304297759,-5.471187506677352,-5.662321372093072,-6.428786939845844,-6.3313448059304465,-4.365223091460997,-6.622373055327441,-4.22259789695299,-5.893652786179936,-6.088998974590186,-5.516096967912709,-4.993632384740116,-5.562854976530589,-4.576250804336219,-4.1257145915600395,-4.678454305316576,-3.9149791487840364,-4.00738321480555,-4.4707733087908235,-9.943885046124594,-4.550476030177418,-4.250343522254714,-4.149294413965468,-4.07107579496238,-5.073776450574059,-5.215535384047962,-4.270097337425667,-9.474781455028165,-4.275783013598443,-4.3323889972567695,-4.712052785301143,-5.253382371040906,-5.437544251271338,-5.91069983421877,-5.95058616706981,-11.429592612354282,-6.910756277709501,-5.757457133380187,-5.326808556646164,-8.151148986620022,-7.037248184251916,-7.5687442132194285,-6.736704440847196,6.982775935681624,8.151148986620022,5.9387951083065555,6.036002837843426,4.712052785301143,9.079461740401472,0.0,0.0,0.0,0.0,0.0,0.0
3.6866413174073362,3.2134819350551354,3.5011065339883944,2.8741768384462705,3.9580824649401882,3.742445549362704,4.21502088158679,3.2120230145500392,2.7927039182283506,3.363927438877036,5.399899857243418,4.597434846969461,3.224249593907244,4.190280696750584,3.3118248274912894,3.2774198314200262,5.1677543126351,2.473673481820283,3.336702367980383,3.990591124948774,3.5833730871703713,2.6434229634006297,3.731627882594345,2.938377526011241,4.100590011838571,3.3815964862013983,2.7247558087554946,3.719095517504515,2.674245219109359,3.090750432336883,2.373220603924362,-3.63372220150397,-3.1268356994099156,-2.718052694187002,-3.0371601191665696,-4.656175534745951,-3.04787638533083,-3.1179558663835487,-3.610992460819367,-2.318824621345127,-3.5023256032239125,-2.7418462715586958,-3.7446226670484766,-2.7019384127895196,-3.519162912778657,-2.4960015582305943,-2.671271267238784,-3.318407688404121,-2.5514458842019483,-3.5243077994218535,-2.7208398260859705,-2.9027135675096396,-2.9956008977533495,-4.32168851468098,-3.295508597461076,-2.3816765738777668,-2.752727382616712,-2.3167770955888916,-3.142322031337838,-3.1390684416794663,-2.501681381469443,-3.1648382125594257,-3.931869086704284,-2.823490366302638,-2.6034548724920783,-3.0777865648339278,-2.4942079815945934,-2.6661314818855604,-2.8074916408947317,-4.165227796588897,-2.8826954959881412,-2.4485092849277903,-2.707669281166612,-2.514561549072305,-2.497089024300713,-2.8176531102208755,-2.4703304178159207,-4.164604711964298,-2.8574985114751863,-2.7455514324743224,-2.725539408133283,-2.5079362347166434,-3.2687477322917964,-3.3639375629600297,-2.8458766092188945,-6.067098170229984,-3.12135106852468,-2.791416265901768,-2.5023326209718713,-3.8550753620649116,-3.665662978229973,-4.3611252231343105,-3.154430415236255,3.2134819350551354,3.8550753620649116,3.5023256032239125,3.6866413174073362,2.725539408133283,3.7446226670484766,0.0,0.0,0.0,0.0,0.0,0.0
3.923146481861755,6.634080413801049,3.160385167661785,3.555181153665238,4.897105096992524,5.677953686275784,5.512219691123569,5.241360468316163,4.56244613359233,8.15483860067576,5.509573157061095,6.903635567509235,4.190280696750584,13.458650957345977,4.086923874639416,8.280106993561459,9.017042287120152,5.358864340340242,6.600377766120901,4.835104517436018,4.828426618404854,3.4718960363946394,10.843194599107894,4.185106104917406,5.324130791575419,4.219391213367904,4.449819082359211,4.811503260499752,2.8216876676451537,5.267426176786219,3.003106432959571,-4.817313393748702,-4.05660058399503,-4.051943485762083,-3.585988370566731,-5.887623996916924,-3.517633228421974,-4.167926133272953,-7.063724839638099,-2.6409441539435417,-6.281787616524245,-3.839151786926507,-5.371448610427535,-5.776342328459833,-9.97513782733501,-4.500130010642139,-3.070483447069383,-8.083596869960926,-3.72192280639112,-6.270471738253767,-3.952789165234632,-6.333455101228358,-6.20994598497558,-5.122475970784797,-6.968688857673997,-5.328439002901334,-5.0016922522143785,-2.8268530463458466,-6.41613609700577,-6.822042983370581,-3.0954048580384255,-4.410536877955067,-5.19714572042174,-6.419645480060447,-3.8987347567303967,-4.941005271247254,-3.74108212365844,-3.8445449964569534,-6.56278371635272,-5.585689005083774,-4.136732433533912,-4.048501884531057,-6.142420195601747,-4.814297453576383,-5.863975707417332,-7.49533353344261,-3.5238695324329914,-6.633531765383667,-4.579785201364324,-4.328548345791203,-3.272397229998913,-3.138314582272651,-3.6779741786129536,-3.796572393639174,-3.5129000383672238,-7.648109508184199,-3.8428243939941664,-4.17896608178377,-3.419739457632719,-4.466577969626274,-4.318130303735191,-4.978096469062873,-4.030659235900808,6.634080413801049,4.466577969626274,6.281787616524245,3.923146481861755,3.272397229998913,5.371448610427535,0.0,0.0,0.0,0.0,0.0,0.0
4.499325959434765,3.7619069353297503,3.7590187639275445,3.62398178772672,4.51329197194803,4.643300070071621,5.239511823889077,3.7872363122449455,3.4622163192527555,3.589310749369549,7.759922851831497,6.4629855840587656,3.3118248274912894,4.086923874639416,7.505398442027307,3.2937535403936886,6.735271358122113,2.4286456069294395,4.348226175032507,6.5916545309311445,6.656570930299944,3.687987426601066,2.7708499132034285,6.570752673715035,8.345828414481497,7.1196354860219815,2.898991068927428,7.8534490662419785,2.741592254009592,3.3933830136936582,3.53022560852281,-5.760523987246533,-4.902040731638482,-4.349474229366977,-3.9305574549100206,-6.97660118081412,-4.5906965555840475,-5.0233495996844315,-4.929774566378913,-2.612836982492267,-3.945514185565604,-2.8336177243007663,-7.468549126830603,-3.1493064547228657,-3.4571842597002833,-2.828093588118036,-3.2363074469463804,-3.808374876280843,-2.6050477466720663,-3.9364901601759317,-2.9625384400891974,-3.083857967233279,-3.388535531050894,-4.9668482386518935,-4.061246424514364,-2.631821264878277,-2.7425523778274705,-2.889337725342357,-4.069476131669292,-4.03152650949146,-3.6897227146515235,-3.713892298678597,-4.8002072400212645,-3.2392448536538527,-2.825905883375988,-3.403379655924497,-2.643610723629439,-2.7229186611074683,-3.179003993573727,-8.34299449953278,-3.181897423201203,-2.7129374236863795,-2.5371771938261505,-2.362522348236899,-2.7463731047549214,-2.8484248714976337,-2.81437467152632,-8.173850499483361,-2.8866715013203708,-3.089364205910024,-3.087519862258297,-3.8057435983630747,-5.191399084098628,-5.3697602978498695,-6.345728950536759,-11.795278855496816,-6.818310074273743,-4.366032110598527,-3.775096157502185,-6.108861234056451,-5.399234201954547,-7.505562457947918,-5.684969657177624,3.7619069353297503,6.108861234056451,3.945514185565604,4.499325959434765,3.087519862258297,7.468549126830603,0.0,0.0,0.0,0.0,0.0,0.0
3.2866519328082524,5.392634844220917,2.713489689912904,3.0505737397582373,4.109154339749897,4.567145502737409,4.273755802805518,4.380333543144783,4.02171325667402,4.9165746435942195,4.429890343135322,5.786523445213417,3.2774198314200262,8.280106993561459,3.2937535403936886,6.502663682575311,6.826793130055237,2.732110660321328,5.143717840814632,3.9004708947460527,3.9656983936825636,2.4143672739950075,7.478048827318067,3.54296916244991,4.266197792683048,3.270634615831832,2.9602290630013295,3.6756157885720278,2.2418291038822606,3.7210547940259247,3.091854412971708,-3.980296873367139,-3.26470530119148,-3.212368439486458,-3.2493062499272094,-4.568367975813556,-2.9988766455832803,-3.363736757462213,-4.06086526081761,-2.1151700633190598,-4.387310443964771,-2.8395199552840205,-4.222390752379968,-3.1667296385868138,-5.8582764763299435,-2.5769519923876496,-2.6379790727749524,-5.178262575955325,-3.2127586629891645,-4.420833365760565,-3.2482012536456932,-4.744602214008974,-3.533531185074773,-4.170389259745865,-5.031355404772328,-3.0217022174559176,-4.346783629035491,-2.2810723375617976,-4.565799754266411,-4.8618741596359785,-3.0020640144973934,-3.5092684557705494,-3.2643285948825356,-3.5455392985482606,-3.027782803915631,-3.739143939253457,-2.77798334895019,-2.9213556257853166,-3.499186248475234,-4.473261644984245,-3.4966293019815167,-3.2337427156954535,-3.3560234395795288,-3.0920791069594795,-3.2586908493876545,-4.566234277924883,-3.048001703935465,-5.097223479336852,-3.389578658451631,-3.2207829364427507,-2.5731455059451322,-2.821045291823033,-2.1273754012951165,-2.2432139365878423,-2.696273964821629,-5.289911243887218,-3.2635558755875045,-3.3423223288674704,-2.9049992199225754,-4.036814056872061,-3.5873776582869645,-3.8934555428897166,-3.48873706764346,5.392634844220917,4.036814056872061,4.387310443964771,3.2866519328082524,2.5731455059451322,4.222390752379968,0.0,0.0,0.0,0.0,0.0,0.0
6.489163782749849,7.311653177902493,5.156777787580447,4.725919793651233,5.360008654404281,6.028373734960693,5.706273328649997,5.09312691251908,6.349059315425531,5.854792707184198,12.595411652995647,10.454602714944897,5.1677543126351,9.017042287120152,6.735271358122113,6.826793130055237,13.602384850124825,4.939221396444363,5.970635064572461,10.244663382094938,9.192584043930767,4.537273986958091,8.160360140793815,8.643665198890027,9.175915982741227,8.641142197453846,5.3186945208731355,10.26562344620935,4.678563255054822,6.258260008614032,6.363340180640399,-10.18613192706776,-8.307036669328234,-7.269010907531851,-6.264677881736279,-12.226320613317043,-7.666849031424464,-8.648094016045793,-7.912863561159996,-4.4382948487310525,-7.777726763831354,-5.031025839126445,-10.965306942212854,-5.085588423392206,-7.87269437166009,-4.6748480641665715,-4.563612894784499,-6.429906435977733,-5.002686332083122,-7.770274474856425,-4.827895231531437,-6.805275227881224,-5.835302096070538,-5.619759998411156,-8.277798412346351,-4.989508482085819,-6.769297542669454,-4.810761042265063,-7.795904839356583,-7.8554855344376415,-6.508090292237991,-5.571276459962354,-5.265773404976556,-5.120132090023461,-4.704508287970064,-5.095189547510494,-4.6896469726371395,-4.64434780640824,-5.178137682715926,-12.175880985772034,-4.782059546724744,-4.9686667022637545,-5.043465307304811,-4.945949711950903,-6.049945184254931,-6.030433455052486,-4.626596865231293,-11.882936416273477,-5.002696601664112,-4.754162488825844,-5.000918379916192,-6.301599177264041,-7.326779992773858,-7.1899975476594005,-7.110514637134149,-13.88377758691263,-8.146386242619103,-6.456496002697046,-6.42869838509532,-10.757024377060738,-8.860000536938118,-9.487650190429475,-8.374840855756466,7.311653177902493,10.757024377060738,7.777726763831354,6.489163782749849,5.000918379916192,10.965306942212854,0.0,0.0,0.0,0.0,0.0,0.0
2.9359399070823864,3.7310157479454915,2.524350977298547,2.5120994322487595,2.7842168440372617,2.9026220093929407,2.873491632361705,2.590052888742016,3.439712416357604,5.68704421418708,4.721059976698499,3.9505340340437134,2.473673481820283,5.358864340340242,2.4286456069294395,2.732110660321328,4.939221396444363,6.287809988139749,4.408809737188815,3.9541831115313606,3.3406627530078348,2.5786211801780534,2.6257874975728255,2.891452908325581,3.2678421772731294,3.01577201303009,3.1400771547476283,3.5640853432127146,2.361366931740613,2.8940485501328643,2.369321547761187,-3.9997050843927187,-3.3012434219808426,-3.2317268617289825,-2.7273128893179215,-4.629461871291701,-2.9062763471557282,-3.4756779475696735,-3.44298002013105,-2.278744940232111,-2.8550371896039897,-2.4624445450440184,-4.088219319444139,-5.276971582831806,-6.930418569275601,-4.307950167827511,-2.2960821581936477,-5.616815805430266,-2.2814131565906197,-2.9037510912533175,-2.3234970288152894,-2.994940646304582,-5.826621336598472,-2.732010436314282,-3.5724887022441774,-5.114319881607637,-3.6197751493061205,-2.3871807436096777,-2.924733456831504,-3.1130525179782884,-2.514817027578352,-2.6285615330425993,-2.82842536295542,-5.315968887729178,-2.366782172909087,-2.577106687132537,-2.3678990955863184,-2.466626194043379,-5.394086471327833,-4.493109980743878,-2.347828933956286,-2.466061205242519,-6.614325155234385,-4.340825289848377,-5.565596373239073,-5.642864908483782,-1.7008510395170588,-3.9676324748220217,-2.4936795530573,-2.8124535888639417,-2.596232675728455,-2.5016621631106766,-3.2495505097599766,-3.2617976989356814,-2.7649957871692172,-6.333081800721884,-3.0919787044094287,-3.353307426049149,-2.7245693875779873,-3.984341122883693,-3.6963120365004016,-3.6670968011543303,-3.30971678769029,3.7310157479454915,3.984341122883693,2.8550371896039897,2.9359399070823864,2.596232675728455,4.088219319444139,0.0,0.0,0.0,0.0,0.0,0.0
4.543598547860956,9.891586039648894,3.516273811794694,4.9492953534323485,5.202593582712903,6.296047924871697,5.890318372628363,5.521927709538902,9.085022058003597,5.960820305483792,6.079029162141404,6.346701278832404,3.336702367980383,6.600377766120901,4.348226175032507,5.143717840814632,5.970635064572461,4.408809737188815,11.592263433857156,5.190583018447053,5.277955731769186,4.590547828149621,3.543425026303541,3.0018431765683875,5.201705490458438,3.249237929386773,3.83982890579746,4.118922763219906,2.3142889099728903,3.9797063496757166,3.4192335156720377,-4.887364590237308,-4.297709722415225,-4.17212928744671,-3.5658126727398396,-5.884024977505556,-3.9945679085959,-4.400817211517593,-4.804515321251052,-2.4609486984028637,-3.375048794333007,-2.72966256036616,-5.258115679985953,-4.114226108896385,-10.08264894065702,-3.592301460958677,-3.1947469225658667,-5.218781873875397,-2.643475009258654,-3.204589773131371,-3.164178034426768,-3.850409740713637,-6.10490811757075,-5.35915670141632,-4.444791487654591,-3.202793058871548,-8.553280117110225,-3.2697744094320225,-4.155625747785693,-4.304450463833059,-3.4744047289076914,-3.911491173613463,-5.175211171347211,-4.42700416840437,-3.1501537798526766,-4.2831820445212685,-2.8194735299688367,-3.151990190163771,-4.417882602928481,-5.553869184767138,-3.623060364008457,-3.8542157548075404,-4.5072103988800425,-4.258230130273081,-4.422594196564042,-7.477394701384147,-2.948512295337938,-4.232200022645655,-3.3718505164748804,-3.505936528167083,-3.244528539848894,-3.6438088112645817,-4.440344355427463,-4.685365365412297,-3.2591011634926312,-7.063252498408676,-3.3706688132027565,-4.732570036406315,-3.637779149866822,-4.852965649558457,-4.551289778466226,-6.446782848279672,-4.641746329854705,9.891586039648894,4.852965649558457,3.375048794333007,4.543598547860956,3.244528539848894,5.258115679985953,0.0,0.0,0.0,0.0,0.0,0.0
5.395153421869028,5.738868816697349,4.31698631771041,4.146209157807565,4.322091571747145,4.707041512538355,4.810771990252854,3.958908609753868,5.458353204806916,3.9594195001526824,10.581704174927756,8.571466158116527,3.990591124948774,4.835104517436018,6.5916545309311445,3.9004708947460527,10.244663382094938,3.9541831115313606,5.190583018447053,9.543373862173189,8.266526052576049,4.346231247675174,3.8568519881743306,7.71980275463901,8.489605470573327,7.909334456481304,4.215484160596568,9.636329984940291,3.8845425016780037,4.687135909905181,5.392279031521159,-9.030810834329879,-7.209166845655574,-6.73067702667932,-5.538755010499123,-10.637642677993524,-6.649595749676458,-7.564257765325273,-6.465019488703081,-3.8044143346051316,-5.719295994176641,-3.8805750714283436,-9.947739926525193,-3.8192130809005516,-5.396900630518425,-3.787313734592721,-3.923630674370031,-4.323248908627858,-3.626720576769519,-5.65448080543529,-3.7188736203728414,-4.739312883323237,-4.566319900910049,-4.442850493735499,-6.069172524659879,-3.655572415242692,-5.325294167830539,-4.143670220666592,-5.84374337796077,-5.808453807491476,-5.573976197561056,-4.421543152497203,-4.607797072125655,-3.8366387938033117,-3.7448976257195374,-3.9477177781543578,-3.7598300247440077,-3.6900320345227424,-3.8828558264357236,-11.436264453411917,-3.7015610368985215,-3.9003861948822376,-3.8037790303684877,-3.8056163859429537,-4.648882816561278,-4.3173320881323844,-3.610616493184711,-10.317353604957912,-3.774622035367047,-3.7776358355562225,-4.331250686060569,-5.582042023275712,-7.067481229362408,-7.391131656594199,-6.909052831974772,-12.992267512504945,-7.853647218302947,-5.676900739355862,-5.620431876258233,-9.703015900270218,-7.883388671875052,-8.545605289090322,-7.688760671260468,5.738868816697349,9.703015900270218,5.719295994176641,5.395153421869028,4.331250686060569,9.947739926525193,0.0,0.0,0.0,0.0,0.0,0.0
4.920540566788129,6.095358510193305,3.932565169589248,3.9247628696659573,4.119822601855567,4.736039723869098,4.698750277447623,3.802675548727038,5.61943138363334,3.6177798309222036,9.720761047046345,8.27571493426632,3.5833730871703713,4.828426618404854,6.656570930299944,3.9656983936825636,9.192584043930767,3.3406627530078348,5.277955731769186,8.266526052576049,8.886114359520809,3.8907036071545775,3.5128671952873924,8.445003051935256,9.395730804066455,8.426489355771725,3.7243920494377756,9.365836775171188,3.39000854247986,4.263503980137356,4.7477162502876995,-7.264599760850657,-5.836409378672807,-5.512417964545711,-4.410477060420797,-10.028545907044228,-5.504101618434782,-5.934930935626959,-5.235731363973172,-3.2767811970105827,-4.606804056620216,-3.3605995564824402,-9.405810041655554,-3.296775266817387,-5.092679485088597,-3.2645991376252432,-3.570513099069675,-3.8006048170079687,-3.2934407262309495,-4.575282864268946,-3.3533354402093254,-4.215984271150804,-4.071588363266169,-4.239176397261991,-5.055255730782324,-3.1707092062541786,-5.471062136842257,-3.803702094588929,-4.953800094837815,-4.977087587297789,-4.856732118199833,-3.8319251983886655,-3.9455634200994867,-3.3226036484642325,-3.291465792174214,-3.559430223063406,-3.225097142894822,-3.1978450829237257,-3.3022422409180896,-10.220976045736805,-3.418082645332899,-3.5679800752770037,-3.2303237401016656,-3.3078551229243924,-4.475733572249919,-3.9642064966798616,-3.279833491401697,-9.692306959016445,-3.3114820730660712,-3.361982378352141,-4.120014722125959,-4.796006892219663,-5.50176487977316,-5.5961550575800825,-6.401807680965775,-12.723029675742614,-7.020890740997403,-5.037916326039461,-4.895420627424848,-7.179198309640533,-6.292171774725988,-7.187469471369876,-6.456610444509669,6.095358510193305,7.179198309640533,4.606804056620216,4.920540566788129,4.120014722125959,9.405810041655554,0.0,0.0,0.0,0.0,0.0,0.0
